      0/99     4.54G    0.1096    0.1037   0.07185    0.2851        78       640  0.008778    0.1143  0.001784 0.0003759   0.08583    0.1111   0.06973
      1/99     4.57G   0.07549   0.09612   0.06713    0.2387        88       640    0.1698    0.4506    0.1153   0.04417   0.05496   0.06971   0.06338
      2/99     4.57G   0.05645   0.07513   0.06212    0.1937       105       640   0.08218    0.6292    0.1661   0.07673   0.04583   0.05483   0.05934
      3/99     4.57G   0.06259   0.06714   0.06037    0.1901        53       640    0.1047    0.5614     0.172    0.0604   0.05999   0.05282   0.05813
      4/99     4.57G   0.05898    0.0641   0.05933    0.1824        55       640    0.1591    0.4679    0.2268   0.09682    0.0463   0.04982   0.05688
      5/99     4.57G   0.05399   0.06429   0.05796    0.1762        77       640    0.1664    0.5322    0.3039    0.1204   0.04279   0.04905   0.05517
      6/99     4.57G   0.05093   0.06108   0.05621    0.1682        76       640    0.2696    0.5278    0.4255     0.254   0.03054     0.047   0.05246
      7/99     4.57G   0.04656   0.05892   0.05401    0.1595        69       640    0.2841    0.6335    0.4646    0.2746   0.03427    0.0471   0.04938
      8/99     4.57G     0.045   0.05792   0.05029    0.1532        51       640    0.3033    0.7028    0.4932    0.3147   0.02953   0.04598   0.04469
      9/99     4.57G   0.04644   0.05818   0.04513    0.1498        32       640    0.7136    0.2973    0.3459    0.1001   0.05946   0.04964   0.04123
     10/99     4.57G   0.05275   0.05901    0.0424    0.1542        36       640    0.2609    0.6178     0.453    0.2278   0.04353   0.04753   0.03823
     11/99     4.57G   0.04874   0.05983   0.03966    0.1482        43       640     0.484    0.5955    0.5579    0.2615    0.0381   0.04709   0.03505
     12/99     4.57G   0.04536   0.06044   0.03748    0.1433        16       640     0.462    0.6254    0.6486    0.3689   0.03916   0.04951   0.03297
     13/99     4.57G   0.04451   0.05899   0.03486    0.1384        59       640     0.423    0.7745     0.655    0.2964   0.04249   0.04702   0.03042
     14/99     4.57G   0.04348   0.05666   0.03182     0.132        55       640    0.5375    0.7557    0.7331    0.4413   0.03283    0.0464   0.02821
     15/99     4.57G   0.04209    0.0559   0.02989    0.1279        19       640    0.7776    0.6857    0.7365    0.4074   0.03407   0.04572   0.02607
     16/99     4.57G   0.04493   0.05792   0.02882    0.1317        28       640    0.6456    0.6677    0.6845    0.3114   0.04453    0.0475    0.0254
     17/99     4.57G   0.04461   0.05831   0.02642    0.1293        38       640     0.791    0.7318    0.8494    0.4443     0.033   0.04581   0.02353
     18/99     4.57G   0.04114   0.05681   0.02455    0.1225        22       640    0.7767    0.7828    0.8971     0.568    0.0305   0.04409   0.02094
     19/99     4.57G   0.04279   0.05669   0.02245    0.1219        45       640    0.8903    0.7873    0.8966    0.4058   0.04113   0.04727    0.0183
     20/99     4.57G   0.04153   0.05527   0.02055    0.1173        27       640    0.8248    0.8577    0.9066    0.4975   0.03976   0.04645   0.01651
     21/99     4.57G   0.03903   0.05292   0.01861    0.1106        50       640    0.8926    0.8955    0.9363    0.6221   0.02971   0.04369   0.01492
     22/99     4.57G   0.03716   0.05288   0.01657    0.1066        43       640      0.89    0.9333    0.9481    0.6866   0.02507   0.04195   0.01395
     23/99     4.57G   0.03594   0.05231   0.01491    0.1032        49       640    0.9242    0.9377      0.96    0.6822   0.02797   0.04259   0.01179
     24/99     4.57G   0.03408   0.05375   0.01356    0.1014       101       640    0.9541    0.9649    0.9717    0.5738   0.02985   0.04237   0.01074
     25/99     4.57G   0.03284   0.05255   0.01222   0.09761        19       640    0.9722    0.9516    0.9715    0.7457   0.02419   0.04039  0.009333
     26/99     4.57G   0.03347   0.05198    0.0116   0.09706        64       640    0.9504    0.9771    0.9773     0.715   0.02332    0.0402  0.008736
     27/99     4.57G   0.03365   0.05013   0.01075   0.09453        68       640    0.9727     0.983      0.98    0.6493   0.02642   0.04105  0.007906
     28/99     4.57G   0.03302   0.05282   0.01019   0.09602        58       640    0.9703    0.9892    0.9805    0.6632   0.02767   0.04149  0.007666
     29/99     4.57G   0.02961   0.04971  0.009522   0.08884        30       640    0.9737    0.9932    0.9784    0.7327   0.02321   0.03961   0.00674
     30/99     4.57G   0.03073      0.05  0.008808   0.08954        58       640    0.9743    0.9903    0.9777    0.7533   0.02149   0.03926  0.006505
     31/99     4.57G   0.02931   0.05087  0.008829   0.08901        23       640    0.9719    0.9911    0.9835    0.7409   0.02306   0.03983  0.006124
     32/99     4.57G   0.02939     0.052  0.008188   0.08959        73       640    0.9695    0.9922    0.9757    0.7453   0.02263   0.03943     0.006
     33/99     4.57G   0.02833   0.04938  0.008174   0.08589        21       640    0.9739    0.9924    0.9784    0.7028   0.02539    0.0399  0.005487
     34/99     4.57G   0.02891    0.0504  0.007695     0.087        60       640    0.9736    0.9936    0.9779     0.758    0.0207   0.03851  0.005566
     35/99     4.57G   0.02902   0.04969  0.007236   0.08594        25       640    0.9692     0.994     0.978    0.7319   0.02275    0.0392  0.005171
     36/99     4.57G   0.02746   0.04733  0.007294   0.08209        53       640    0.9742    0.9931    0.9813    0.7654   0.02201   0.03896  0.005066
     37/99     4.57G   0.02645   0.04507     0.007   0.07852        16       640    0.9766     0.994     0.977    0.7419   0.02104   0.03805  0.004729
     38/99     4.57G   0.02693    0.0457  0.006802   0.07943        82       640    0.9772     0.994    0.9813    0.7449    0.0217    0.0387    0.0048
     39/99     4.57G   0.02564   0.04971  0.006503   0.08185        29       640    0.9735    0.9908    0.9813     0.777   0.02013   0.03705  0.004915
     40/99     4.57G   0.02737   0.04643  0.006447   0.08024        13       640    0.9731    0.9929    0.9802    0.7588   0.02108   0.03817  0.004883
     41/99     4.57G   0.02595   0.04465  0.006167   0.07677        29       640    0.9766    0.9901    0.9801    0.7602   0.02034   0.03749   0.00449
     42/99     4.57G   0.02534   0.04509  0.006194   0.07662        37       640    0.9695    0.9923     0.982     0.766   0.02089   0.03841  0.004516
     43/99     4.57G   0.02546   0.04591  0.006148   0.07752        25       640    0.9691    0.9892    0.9777    0.7705   0.02128   0.03841   0.00449
     44/99     4.57G   0.02614   0.04572  0.005806   0.07766        27       640    0.9788    0.9873    0.9782    0.7521    0.0221   0.03858  0.004369
     45/99     4.57G   0.02398   0.04565  0.005709   0.07534        36       640    0.9742    0.9937    0.9807    0.7352    0.0219   0.03817  0.004258
     46/99     4.57G   0.02349   0.04474  0.005468   0.07369        68       640    0.9747    0.9933    0.9793    0.7948   0.01817    0.0363  0.004027
     47/99     4.57G   0.02374   0.04742  0.005558   0.07672        39       640     0.976    0.9926    0.9816    0.7974    0.0188   0.03643  0.004061
     48/99     4.57G   0.02349   0.04652  0.005506   0.07552        30       640    0.9768    0.9905    0.9798    0.7742    0.0208    0.0366  0.004023
     49/99     4.57G   0.02428   0.04548  0.005364   0.07512        77       640    0.9768    0.9915    0.9812    0.7592   0.02067   0.03682  0.004032
     50/99     4.57G   0.02295   0.04599  0.005539   0.07448        45       640    0.9744    0.9936    0.9789    0.7871   0.01872   0.03679  0.003987
     51/99     4.57G   0.02441   0.04388   0.00543   0.07372        45       640    0.9731    0.9937    0.9807    0.7853   0.01879   0.03647   0.00403
     52/99     4.57G   0.02377   0.04455  0.005376   0.07369        52       640    0.9748    0.9912    0.9799     0.794   0.01852   0.03614  0.003917
     53/99     4.57G   0.02275   0.04596  0.005315   0.07402        51       640    0.9712    0.9892    0.9814    0.7939   0.01848   0.03627  0.004102
     54/99     4.57G   0.02214   0.04219  0.004852   0.06918        34       640    0.9701    0.9916    0.9779     0.787   0.01857   0.03675  0.003921
     55/99     4.57G   0.02287   0.04398  0.004904   0.07175        45       640    0.9649    0.9899     0.978    0.7922   0.01904   0.03613  0.004138
     56/99     4.57G   0.02264   0.04299  0.004778   0.07041        45       640    0.9743    0.9884    0.9768    0.7978   0.01824   0.03596  0.003751
     57/99     4.57G   0.02102   0.04288  0.004838   0.06874        63       640    0.9655    0.9834    0.9744    0.7903   0.01834   0.03548  0.003967
     58/99     4.57G   0.02106   0.04215  0.004733   0.06794        10       640    0.9698    0.9856    0.9777    0.7947    0.0184   0.03571  0.003856
     59/99     4.57G    0.0211   0.04497  0.004698   0.07077        39       640    0.9753    0.9901    0.9782    0.7863   0.01926    0.0366  0.003484
     60/99     4.57G   0.02286   0.04462  0.004733   0.07221        55       640    0.9672    0.9921    0.9783    0.7698    0.0202   0.03725  0.003738
     61/99     4.57G   0.02155   0.04268    0.0045   0.06873        53       640    0.9717    0.9932    0.9783     0.794   0.01869   0.03618  0.003599
     62/99     4.57G   0.02133   0.04383  0.004631   0.06979        35       640    0.9716     0.993    0.9791    0.7937   0.01807   0.03562  0.003519
     63/99     4.57G   0.02025   0.04283  0.004192   0.06727        33       640    0.9757    0.9894    0.9806    0.7904   0.01879   0.03655  0.003323
     64/99     4.57G   0.02016   0.04081  0.004404   0.06538        42       640    0.9743    0.9918    0.9805    0.7995   0.01841   0.03617  0.003389
     65/99     4.57G   0.02004   0.04197  0.004335   0.06634        48       640    0.9715    0.9936    0.9765    0.7917   0.01784   0.03503  0.003369
     66/99     4.57G   0.02084   0.04216  0.004444   0.06744        60       640    0.9716     0.994    0.9771    0.7985   0.01756   0.03534  0.003471
     67/99     4.57G   0.01973   0.03952  0.004143   0.06339        62       640    0.9698    0.9844    0.9759     0.767   0.02058   0.04015  0.003574
     68/99     4.57G   0.02019   0.04315  0.004382   0.06772        29       640    0.9751    0.9776    0.9777    0.7937   0.01845   0.03558  0.003655
     69/99     4.57G    0.0193   0.04044  0.004117   0.06386        60       640    0.9685      0.99    0.9782    0.7963   0.01783   0.03528  0.003431
     70/99     4.57G   0.01952     0.039  0.004266   0.06278        70       640    0.9695    0.9919    0.9802    0.7984   0.01758   0.03511  0.003335
     71/99     4.57G   0.01957   0.04061  0.003944   0.06412        20       640    0.9696    0.9861    0.9769    0.7948   0.01769   0.03548   0.00349
     72/99     4.57G   0.01933   0.04046  0.003901   0.06369        76       640    0.9715    0.9902    0.9773    0.8017   0.01753   0.03524  0.003351
     73/99     4.57G   0.01929   0.04042  0.003854   0.06357        57       640    0.9684     0.979    0.9777    0.7975    0.0179   0.03621  0.003655
     74/99     4.57G   0.01969    0.0414  0.003765   0.06485        38       640    0.9661    0.9791    0.9766    0.7971   0.01785   0.03537  0.003998
     75/99     4.57G   0.01895   0.04172   0.00379   0.06446        67       640    0.9703    0.9782    0.9761    0.7981   0.01767   0.03518  0.003555
     76/99     4.57G   0.01914   0.04036  0.003875   0.06338        49       640    0.9673    0.9761     0.978    0.8044   0.01735   0.03478  0.003702
     77/99     4.57G    0.0183    0.0407  0.003693   0.06269        39       640    0.9677    0.9812    0.9784    0.7962     0.018   0.03573  0.003361
     78/99     4.57G   0.01881   0.04263  0.003608   0.06505        67       640    0.9725    0.9828    0.9793    0.8016   0.01769   0.03533  0.003151
     79/99     4.57G   0.01848   0.04078  0.003615   0.06288        49       640    0.9722    0.9769    0.9785    0.7965   0.01771   0.03555    0.0035
     80/99     4.57G    0.0185   0.04028  0.003553   0.06234        43       640    0.9672    0.9852    0.9772    0.7994   0.01771   0.03539  0.003204
     81/99     4.57G   0.01858   0.04122  0.003528   0.06333        44       640    0.9621    0.9819    0.9767     0.794   0.01792   0.03549  0.003424
     82/99     4.57G   0.01912    0.0391   0.00352   0.06174        40       640    0.9707    0.9844    0.9813    0.8065    0.0174   0.03478   0.00321
     83/99     4.57G   0.01794   0.03925  0.003597   0.06079        72       640    0.9532    0.9902    0.9807    0.8056   0.01728   0.03465    0.0035
     84/99     4.57G   0.01793   0.03703  0.003334    0.0583        47       640    0.9587     0.972    0.9793    0.7999   0.01771   0.03551   0.00391
     85/99     4.57G   0.01812   0.04008  0.003411   0.06161        59       640    0.9686    0.9655    0.9802    0.8066   0.01727    0.0352  0.004069
     86/99     4.57G   0.01793   0.04093  0.003309   0.06217        34       640    0.9698    0.9822    0.9801     0.802   0.01739   0.03516  0.003181
     87/99     4.57G   0.01761   0.03949  0.003255   0.06035        50       640    0.9706    0.9756    0.9791       0.8    0.0175   0.03553  0.003264
     88/99     4.57G   0.01764   0.03912  0.003312   0.06007        66       640    0.9697    0.9684    0.9788    0.8011    0.0176   0.03511  0.003577
     89/99     4.57G   0.01777   0.03903  0.003384   0.06018        41       640     0.971    0.9666    0.9767    0.8022   0.01715   0.03491  0.003712
     90/99     4.57G   0.01759   0.03836  0.003123   0.05907        38       640    0.9691     0.964    0.9774    0.7962   0.01746   0.03544  0.003861
     91/99     4.57G   0.01774   0.04055  0.003496   0.06178        37       640     0.966    0.9611    0.9755    0.8015   0.01737   0.03537  0.004171
     92/99     4.57G   0.01786   0.03835  0.003372   0.05959        58       640     0.966    0.9811    0.9798    0.8004   0.01794   0.03528   0.00334
     93/99     4.57G   0.01765   0.03746  0.003203   0.05832        52       640    0.9652    0.9794    0.9783    0.8016   0.01719   0.03507  0.003448
     94/99     4.57G   0.01744   0.03806  0.003362   0.05886        40       640    0.9694    0.9813    0.9768    0.8026   0.01732   0.03457  0.003225
     95/99     4.57G   0.01731   0.03706  0.003071   0.05744        12       640    0.9734    0.9769    0.9773    0.7995   0.01764    0.0355  0.003304
     96/99     4.57G   0.01761   0.03853  0.003189   0.05933        17       640    0.9755    0.9746    0.9768    0.8043   0.01718   0.03478   0.00328
     97/99     4.57G   0.01743   0.03913  0.003199   0.05975        55       640     0.972    0.9793    0.9773    0.8038    0.0173   0.03497   0.00316
     98/99     4.57G   0.01741   0.03879  0.003061   0.05925        20       640    0.9665    0.9789    0.9778    0.7982   0.01758   0.03604  0.003267
     99/99     4.57G   0.01754   0.03958  0.003161   0.06027        65       640    0.9614    0.9812    0.9806    0.8028   0.01736   0.03524  0.003327
