     0/299     4.54G    0.1096    0.1037   0.07185    0.2851        78       640  0.008822    0.1143  0.001819 0.0003823   0.08584    0.1111   0.06974
     1/299     4.57G   0.07552   0.09612   0.06713    0.2388        88       640    0.0797    0.5278    0.1154   0.04433   0.05438   0.06972   0.06339
     2/299     4.57G   0.05642   0.07519   0.06213    0.1937       105       640   0.08943    0.5212    0.1403   0.06515   0.04597   0.05585   0.05936
     3/299     4.57G   0.06306    0.0674    0.0604    0.1909        53       640    0.1272    0.4937    0.1687   0.07356   0.05431   0.05388   0.05802
     4/299     4.57G   0.05884   0.06386   0.05934     0.182        55       640    0.2131    0.4503    0.2997    0.1331   0.04128   0.05098   0.05695
     5/299     4.57G   0.05463   0.06431   0.05799    0.1769        77       640    0.2367    0.4255    0.2958    0.1371   0.04503   0.04946   0.05517
     6/299     4.57G   0.05074   0.06117   0.05624    0.1682        76       640    0.2612    0.5566    0.4277    0.2378    0.0331   0.04826   0.05247
     7/299     4.57G   0.04669   0.05879   0.05397    0.1594        69       640    0.2858    0.6034     0.443    0.2177   0.03455   0.04716   0.04945
     8/299     4.57G   0.04526   0.05785   0.05028    0.1534        51       640    0.4941    0.4877    0.4882    0.3308   0.03007   0.04501    0.0442
     9/299     4.57G   0.04692   0.05832   0.04519    0.1504        32       640    0.2076    0.5534    0.3648    0.1638   0.05189   0.05289   0.04117
    10/299     4.57G   0.05276   0.05994   0.04251    0.1552        36       640    0.2609    0.5985    0.5084    0.2546   0.04162   0.04918    0.0379
    11/299     4.57G   0.04821   0.05949   0.03973    0.1474        43       640    0.4309    0.5395    0.5651    0.3316   0.03508   0.04742   0.03552
    12/299     4.57G   0.04603   0.06044   0.03766    0.1441        16       640    0.5729     0.571    0.5882    0.3433   0.04201   0.04801   0.03339
    13/299     4.57G   0.04647    0.0599   0.03527    0.1416        59       640    0.4522    0.6422    0.6434    0.3471   0.03967   0.04665   0.03106
    14/299     4.57G   0.04237   0.05679   0.03237    0.1315        55       640    0.5122    0.7052    0.6979    0.3356   0.04126   0.04724   0.02835
    15/299     4.57G   0.04149   0.05541   0.03031    0.1272        19       640    0.7069    0.6594    0.7573    0.4418    0.0362   0.04591   0.02708
    16/299     4.57G   0.04475   0.05755   0.02904    0.1313        28       640    0.6795    0.6996    0.7763     0.449   0.03425   0.04614   0.02522
    17/299     4.57G   0.04476   0.05935   0.02695     0.131        38       640    0.7837    0.7165    0.8375    0.4632   0.03528   0.04593   0.02318
    18/299     4.57G   0.04376   0.05742   0.02451    0.1257        22       640    0.8807    0.8093    0.9089    0.5447   0.03042   0.04395   0.02078
    19/299     4.57G   0.04259   0.05521   0.02265    0.1205        45       640     0.842    0.8116    0.8882    0.4295   0.04315   0.04726    0.0192
    20/299     4.57G   0.04114   0.05517   0.02065     0.117        27       640    0.7503    0.8717    0.8967    0.4822   0.03705   0.04535   0.01749
    21/299     4.57G   0.03902   0.05312   0.01884     0.111        50       640    0.8978    0.9124    0.9453    0.5692   0.03218   0.04443   0.01503
    22/299     4.57G   0.03728   0.05338   0.01666    0.1073        43       640    0.9123    0.9505    0.9633    0.6895   0.02698   0.04241   0.01335
    23/299     4.57G   0.03608   0.05232   0.01488    0.1033        49       640    0.8964    0.9512    0.9614    0.6386   0.02806    0.0426   0.01175
    24/299     4.57G   0.03602   0.05431   0.01383    0.1042       101       640    0.9431    0.9661     0.969    0.5637   0.03516   0.04445   0.01062
    25/299     4.57G   0.03414   0.05372   0.01242    0.1003        19       640    0.9543    0.9762    0.9756    0.6947   0.02827   0.04247  0.009502
    26/299     4.57G   0.03352   0.05209   0.01154   0.09715        64       640    0.9587    0.9682    0.9773    0.7021   0.02379   0.04118  0.009012
    27/299     4.57G   0.03442    0.0504   0.01072   0.09554        68       640    0.9678      0.99    0.9773    0.6332   0.02766   0.04152  0.007846
    28/299     4.57G   0.03371   0.05328   0.01009   0.09708        58       640    0.9715    0.9921    0.9772    0.6941   0.02641   0.04072  0.007385
    29/299     4.57G   0.03007   0.05004  0.009378   0.08949        30       640    0.9711    0.9902    0.9792    0.7469   0.02294   0.03988  0.006894
    30/299     4.57G   0.03237   0.05071  0.008818   0.09191        58       640    0.9749     0.989    0.9771    0.7399    0.0223   0.03956  0.006412
    31/299     4.57G   0.03053   0.05175  0.008725     0.091        23       640    0.9714    0.9917    0.9787    0.7209   0.02503   0.04024  0.006209
    32/299     4.57G   0.02986   0.05263  0.008015   0.09051        73       640    0.9742     0.992    0.9754    0.7419    0.0232   0.04079  0.005756
    33/299     4.57G   0.02856   0.04984  0.008104   0.08651        21       640    0.9741     0.994    0.9756    0.7211   0.02474   0.04034  0.005549
    34/299     4.57G   0.03047   0.05102  0.007639   0.08913        60       640    0.9703    0.9907    0.9791    0.7369   0.02189    0.0392  0.005687
    35/299     4.57G   0.03065   0.05035  0.007251   0.08825        25       640    0.9764     0.994    0.9782    0.7421   0.02334   0.03952  0.005265
    36/299     4.57G   0.02881   0.04806  0.007321   0.08419        53       640    0.9735    0.9939    0.9791    0.7751   0.02091    0.0384  0.005089
    37/299     4.57G   0.02804   0.04622  0.007125   0.08139        16       640    0.9763    0.9924    0.9759     0.761   0.02074   0.03807  0.004895
    38/299     4.57G   0.02684    0.0459  0.006815   0.07955        82       640    0.9735    0.9903    0.9785    0.7163   0.02266   0.03884  0.004887
    39/299     4.57G   0.02747   0.05076  0.006612   0.08484        29       640     0.976    0.9886    0.9807    0.7699   0.02248   0.03808  0.004978
    40/299     4.57G   0.02846   0.04747  0.006477    0.0824        13       640    0.9763    0.9912     0.982    0.6705    0.0273   0.04092   0.00458
    41/299     4.57G    0.0284   0.04588  0.006336   0.08062        29       640    0.9694    0.9857    0.9776    0.7489    0.0221   0.03864  0.004966
    42/299     4.57G   0.02794    0.0468  0.006412   0.08115        37       640     0.969    0.9927    0.9817     0.793   0.01982   0.03737  0.004641
    43/299     4.57G   0.02788   0.04739  0.006327    0.0816        25       640    0.9745    0.9895    0.9815    0.7768   0.02003   0.03735  0.004623
    44/299     4.57G   0.02633   0.04606  0.005952   0.07834        27       640    0.9746    0.9891    0.9761    0.7638   0.02056   0.03766  0.004705
    45/299     4.57G   0.02621   0.04728  0.005791   0.07927        36       640    0.9718    0.9905    0.9783    0.7584    0.0209     0.038  0.004524
    46/299     4.57G   0.02556     0.046   0.00572   0.07727        68       640    0.9743     0.994    0.9782     0.783   0.01982   0.03732  0.004204
    47/299     4.57G   0.02643   0.04889  0.005816   0.08113        39       640     0.972    0.9908    0.9808    0.7471   0.02317   0.03924  0.004444
    48/299     4.57G    0.0275   0.04934  0.006053   0.08289        30       640    0.9752    0.9842    0.9776    0.7345   0.02264   0.03812  0.004497
    49/299     4.57G   0.02551   0.04658  0.005638   0.07773        77       640    0.9743    0.9887    0.9772    0.7416   0.02188   0.03786   0.00427
    50/299     4.57G   0.02576   0.04806   0.00573   0.07955        45       640    0.9706    0.9912    0.9775    0.7773   0.02008   0.03821  0.004322
    51/299     4.57G   0.02597   0.04501  0.005601   0.07657        45       640    0.9712    0.9872    0.9747    0.7754   0.02055   0.03775  0.004458
    52/299     4.57G   0.02595    0.0461  0.005551    0.0776        52       640    0.9767    0.9839    0.9823    0.7847   0.01942   0.03701  0.004213
    53/299     4.57G   0.02475   0.04743  0.005608   0.07778        51       640    0.9684    0.9908    0.9809    0.7761   0.01956   0.03707   0.00454
    54/299     4.57G   0.02476     0.044  0.005305   0.07407        34       640    0.9715     0.991    0.9749    0.7851   0.01928   0.03712  0.004097
    55/299     4.57G   0.02513   0.04552  0.005436   0.07609        45       640    0.9687    0.9919    0.9788    0.7755   0.02022   0.03678  0.004125
    56/299     4.57G   0.02528   0.04469  0.005045   0.07501        45       640    0.9703     0.994     0.976    0.7759   0.01985   0.03731  0.003996
    57/299     4.57G   0.02361   0.04467  0.005357   0.07364        63       640    0.9653    0.9844    0.9789    0.7843   0.01922   0.03686  0.004599
    58/299     4.57G   0.02447   0.04444  0.005105   0.07401        10       640    0.9704    0.9866    0.9794    0.7877   0.01937   0.03681  0.004034
    59/299     4.57G   0.02386   0.04706   0.00508   0.07601        39       640    0.9774    0.9933    0.9771    0.7556   0.02134   0.03874  0.003748
    60/299     4.57G   0.02592   0.04686  0.005182   0.07796        55       640    0.9729    0.9886     0.979    0.7382    0.0214   0.03808  0.004009
    61/299     4.57G   0.02425   0.04471  0.004928   0.07389        53       640     0.974     0.992     0.981    0.7766   0.01996   0.03718  0.003846
    62/299     4.57G   0.02368   0.04568  0.005079   0.07443        35       640    0.9748    0.9925    0.9791    0.7784    0.0195   0.03746  0.003947
    63/299     4.57G   0.02273    0.0446  0.004606   0.07194        33       640    0.9749    0.9924    0.9773    0.7817   0.01936    0.0369  0.003696
    64/299     4.57G   0.02397   0.04325  0.005065   0.07229        42       640    0.9722    0.9898    0.9794    0.7862   0.01915   0.03676  0.003956
    65/299     4.57G   0.02447   0.04516  0.005036   0.07466        48       640    0.9694    0.9914     0.979    0.7792   0.01883   0.03637  0.003844
    66/299     4.57G   0.02389   0.04448  0.005006   0.07338        60       640    0.9666    0.9884    0.9768    0.7864   0.01859   0.03647  0.003979
    67/299     4.57G   0.02365   0.04224  0.004777   0.07067        62       640    0.9695    0.9886    0.9763    0.7562   0.02087   0.03884  0.003967
    68/299     4.57G    0.0238     0.046  0.005096    0.0749        29       640     0.963    0.9899    0.9762    0.7669    0.0207    0.0371  0.004028
    69/299     4.57G   0.02301     0.043  0.004763   0.07077        60       640    0.9664     0.985    0.9787    0.7919   0.01915    0.0366  0.004076
    70/299     4.57G   0.02284   0.04109  0.005028   0.06896        70       640    0.9714    0.9883    0.9784    0.7823   0.01908   0.03646  0.003873
    71/299     4.57G    0.0217    0.0423  0.004568   0.06857        20       640    0.9705     0.986    0.9782    0.7729   0.01996   0.03736  0.003856
    72/299     4.57G   0.02247   0.04297  0.004552   0.06999        76       640    0.9685    0.9908    0.9771    0.7827   0.01919   0.03687  0.003734
    73/299     4.57G    0.0223   0.04301  0.004464   0.06978        57       640    0.9707    0.9823    0.9776    0.7724   0.02046    0.0377  0.004028
    74/299     4.57G    0.0243   0.04464  0.004278   0.07322        38       640    0.9725      0.98    0.9783    0.7818   0.01945   0.03686  0.004095
    75/299     4.57G   0.02198   0.04465  0.004528   0.07116        67       640    0.9718    0.9782    0.9732    0.7908   0.01853   0.03582  0.003958
    76/299     4.57G   0.02215   0.04272  0.004551   0.06942        49       640    0.9662    0.9853    0.9765      0.79   0.01854   0.03598    0.0039
    77/299     4.57G   0.02141   0.04356  0.004467   0.06943        39       640    0.9719    0.9866    0.9812    0.7779   0.01928   0.03667  0.003634
    78/299     4.57G   0.02202    0.0455   0.00424   0.07176        67       640    0.9729     0.982    0.9767     0.787   0.01884   0.03642  0.003645
    79/299     4.57G   0.02212    0.0435  0.004371      0.07        49       640     0.962    0.9881    0.9765    0.7913   0.01847   0.03605   0.00371
    80/299     4.57G   0.02294   0.04365  0.004275   0.07087        43       640    0.9742    0.9843    0.9778    0.7997   0.01825   0.03632  0.003637
    81/299     4.57G   0.02163   0.04383  0.004248   0.06971        44       640    0.9547    0.9922    0.9775    0.7709    0.0201   0.03717  0.003868
    82/299     4.57G   0.02363   0.04233  0.004277   0.07024        40       640    0.9688    0.9916    0.9778    0.7889   0.01822   0.03564  0.003739
    83/299     4.57G   0.02233   0.04253  0.004423   0.06928        72       640    0.9683    0.9867    0.9812     0.778    0.0196   0.03662  0.003751
    84/299     4.57G   0.02142   0.03986  0.004188   0.06547        47       640    0.9649    0.9802    0.9767    0.7744   0.01958   0.03679  0.003939
    85/299     4.57G   0.02264   0.04349  0.004212   0.07034        59       640    0.9598    0.9788    0.9749    0.7801   0.01956   0.03838  0.004172
    86/299     4.57G   0.02177    0.0441  0.004029   0.06989        34       640    0.9656    0.9857     0.977    0.7926     0.019   0.03667  0.003696
    87/299     4.57G    0.0217   0.04276  0.003993   0.06845        50       640    0.9566    0.9729    0.9763    0.7859   0.01887    0.0364  0.004272
    88/299     4.57G   0.02128   0.04201  0.004067   0.06736        66       640    0.9543    0.9787    0.9778    0.7955   0.01869   0.03593  0.004392
    89/299     4.57G   0.02217   0.04225  0.004227   0.06864        41       640    0.9597     0.994    0.9766    0.7884   0.01926   0.03711  0.003676
    90/299     4.57G   0.02134   0.04123  0.003962   0.06653        38       640    0.9698    0.9682    0.9746    0.7786   0.01933   0.03671  0.003937
    91/299     4.57G   0.02148   0.04395  0.004243   0.06967        37       640    0.9663    0.9706    0.9737    0.7909    0.0181   0.03569  0.004052
    92/299     4.57G   0.02101   0.04082  0.004111   0.06595        58       640    0.9703    0.9727    0.9783    0.7912   0.01846   0.03564  0.003783
    93/299     4.57G   0.02156   0.04044  0.003991     0.066        52       640    0.9636    0.9806    0.9767    0.7887   0.01835   0.03565  0.003817
    94/299     4.57G     0.021   0.04086  0.004067   0.06593        40       640    0.9627    0.9855    0.9757    0.7865   0.01897   0.03638  0.003766
    95/299     4.57G   0.02067   0.03984  0.003817   0.06433        12       640    0.9772    0.9696    0.9771    0.7829   0.01902   0.03768  0.003665
    96/299     4.57G    0.0207   0.04099  0.003945   0.06564        17       640    0.9633    0.9721    0.9748    0.7931   0.01858   0.03585  0.003885
    97/299     4.57G   0.02029   0.04189  0.003858   0.06603        55       640    0.9632    0.9705    0.9752    0.7899   0.01837   0.03621  0.003932
    98/299     4.57G   0.02166   0.04178  0.003738   0.06718        20       640     0.974    0.9628    0.9782    0.7938   0.01875   0.03761  0.003876
    99/299     4.57G    0.0213   0.04271  0.003821   0.06783        65       640    0.9648    0.9785    0.9792    0.8047   0.01776   0.03562  0.003749
   100/299     4.57G   0.02098   0.04123  0.003924   0.06614        59       640    0.9622    0.9724    0.9753    0.7872   0.01877   0.03673  0.003828
   101/299     4.57G   0.02035   0.04062  0.003585   0.06455        61       640     0.965    0.9781    0.9749    0.7866   0.01821   0.03604  0.003701
   102/299     4.57G   0.02027   0.04061  0.003785   0.06466        28       640    0.9645    0.9826      0.98    0.7968   0.01818   0.03623  0.003572
   103/299     4.57G     0.021    0.0404  0.003692   0.06509        25       640    0.9539    0.9797    0.9761    0.7885   0.01843   0.03577  0.004137
   104/299     4.57G   0.02132    0.0416  0.003625   0.06655        77       640    0.9561    0.9846    0.9765    0.7883   0.01875   0.03581  0.003818
   105/299     4.57G   0.02104    0.0388  0.003571   0.06341        87       640    0.9602    0.9846    0.9769    0.7882   0.01842   0.03626   0.00377
   106/299     4.57G   0.01997   0.04156  0.003551   0.06507        11       640    0.9766    0.9752    0.9787    0.8006   0.01785    0.0357  0.003432
   107/299     4.57G   0.01959   0.03903  0.003532   0.06215        22       640    0.9484      0.98    0.9799    0.7974   0.01793   0.03593  0.003969
   108/299     4.57G    0.0202   0.04131  0.003666   0.06518        61       640    0.9494     0.963    0.9726    0.7818   0.01849    0.0368  0.005074
   109/299     4.57G   0.01958   0.04246  0.003326   0.06536        91       640    0.9557    0.9828    0.9765    0.7928   0.01809    0.0356  0.003862
   110/299     4.57G   0.01998   0.04024  0.003369   0.06359        50       640    0.9626    0.9849    0.9765    0.7955   0.01801   0.03591  0.003754
   111/299     4.57G   0.01933   0.03899  0.003192   0.06152        51       640    0.9715    0.9721    0.9768    0.7889   0.01821    0.0363  0.003688
   112/299     4.57G   0.01987   0.04018  0.003553   0.06361        67       640    0.9495      0.98    0.9737     0.786   0.01825   0.03607  0.004295
   113/299     4.57G   0.02064   0.04047  0.003564   0.06468        41       640    0.9602    0.9782    0.9752    0.7957   0.01791   0.03526  0.003944
   114/299     4.57G   0.02092   0.04103  0.003604   0.06556        54       640    0.9522    0.9779    0.9752    0.7866   0.01827   0.03546  0.004004
   115/299     4.57G   0.01961   0.04267  0.003163   0.06544        81       640    0.9704    0.9792    0.9761    0.7828   0.01905    0.0362  0.003327
   116/299     4.57G    0.0206   0.04028  0.003494   0.06438        78       640    0.9505    0.9784    0.9753    0.7911   0.01837   0.03635  0.004157
   117/299     4.57G   0.02024   0.04008  0.003375    0.0637        46       640    0.9718    0.9667    0.9758    0.7901   0.01824   0.03608  0.003911
   118/299     4.57G   0.01918   0.03983  0.003237   0.06225        46       640      0.97    0.9669    0.9719    0.7918   0.01805   0.03668  0.004173
   119/299     4.57G    0.0188   0.03805  0.003332   0.06018         9       640    0.9643    0.9747    0.9749    0.7838    0.0185   0.03739  0.003886
   120/299     4.57G   0.02043   0.04144  0.003428    0.0653        74       640    0.9588     0.964    0.9731    0.7916   0.01808   0.03582  0.004591
   121/299     4.57G   0.01988   0.03893  0.003491    0.0623        64       640    0.9676    0.9642    0.9732    0.7972   0.01789   0.03617   0.00414
   122/299     4.57G   0.01906   0.04185  0.003255   0.06417       105       640     0.952    0.9755    0.9704     0.788   0.01787   0.03621  0.004231
   123/299     4.57G   0.01939    0.0381  0.003312    0.0608        59       640    0.9758     0.965    0.9725    0.7909   0.01827   0.03661   0.00392
   124/299     4.57G    0.0197    0.0385  0.003254   0.06145        81       640    0.9651    0.9778    0.9739    0.7839   0.01878   0.03703  0.003766
   125/299     4.57G   0.01981   0.04219  0.003263   0.06527        27       640    0.9674    0.9601    0.9721    0.7833   0.01888   0.03638  0.004395
   126/299     4.57G   0.01973   0.03994  0.003205   0.06287        18       640    0.9679    0.9575    0.9743    0.7848   0.01817   0.03639  0.004768
   127/299     4.57G   0.01923   0.04071  0.003191   0.06313        32       640    0.9496    0.9664    0.9692     0.786   0.01791   0.03593  0.005408
   128/299     4.57G   0.01955   0.03764  0.003052   0.06024        44       640      0.96     0.971    0.9727    0.7874   0.01799    0.0361  0.004191
   129/299     4.57G   0.01872   0.03828  0.003232   0.06023        48       640    0.9547    0.9769    0.9776    0.7933    0.0181   0.03589  0.003991
   130/299     4.57G   0.01881   0.03898  0.003245   0.06104        48       640    0.9562    0.9596    0.9715    0.7925   0.01783   0.03571  0.004996
   131/299     4.57G   0.01839   0.03972  0.003076   0.06118        54       640    0.9638    0.9699    0.9687    0.7943   0.01768   0.03629  0.003922
   132/299     4.57G   0.01905   0.03881  0.003193   0.06105        38       640    0.9639    0.9738    0.9718    0.7913   0.01788   0.03626  0.003917
   133/299     4.57G   0.01866   0.03668  0.003152    0.0585         7       640    0.9483    0.9744    0.9731    0.7898   0.01806   0.03656  0.004605
   134/299     4.57G   0.01855   0.04033  0.002944   0.06182        40       640    0.9616    0.9723    0.9765    0.7965   0.01799   0.03662  0.003769
   135/299     4.57G   0.01923    0.0392  0.002859   0.06129        29       640    0.9681     0.967    0.9693    0.7818   0.01819   0.03692  0.003942
   136/299     4.57G    0.0198   0.03899  0.002898   0.06169        61       640    0.9662    0.9726    0.9685    0.7859   0.01801   0.03675  0.004155
   137/299     4.57G    0.0179   0.03739  0.002896   0.05818        32       640    0.9727    0.9465    0.9703    0.7898   0.01769   0.03528  0.005208
   138/299     4.57G   0.01835   0.03691  0.003008   0.05827        17       640    0.9687    0.9756    0.9705    0.7876    0.0181   0.03672  0.003643
   139/299     4.57G   0.01919   0.03884  0.003175   0.06121        49       640    0.9681    0.9629    0.9704    0.7902   0.01771   0.03565  0.004133
   140/299     4.57G   0.01912   0.03696  0.002932   0.05901        23       640    0.9671    0.9635    0.9711    0.7902   0.01798   0.03695   0.00407
   141/299     4.57G   0.01788   0.03919   0.00313    0.0602        49       640     0.976    0.9696    0.9764    0.7988   0.01741     0.036  0.003369
   142/299     4.57G   0.01827   0.03839  0.002893   0.05955        95       640    0.9678    0.9778    0.9715    0.7897   0.01771     0.036  0.003579
   143/299     4.57G   0.01839   0.03819   0.00303   0.05961        54       640     0.962     0.975    0.9712     0.798    0.0176   0.03607  0.003854
   144/299     4.57G    0.0188    0.0385  0.003057   0.06036        54       640    0.9671    0.9643    0.9688    0.7916   0.01757   0.03675  0.003943
   145/299     4.57G   0.01842   0.03856  0.002992   0.05998        65       640    0.9741    0.9534    0.9766     0.798    0.0176   0.03543  0.004287
   146/299     4.57G   0.01779   0.03656   0.00285   0.05721        37       640    0.9682    0.9752    0.9745    0.7946   0.01753    0.0354  0.003502
   147/299     4.57G   0.01891   0.03932  0.003273   0.06151       104       640    0.9644    0.9633    0.9726    0.7913   0.01794   0.03588  0.004239
   148/299     4.57G   0.01889   0.03658  0.002928   0.05841        61       640    0.9668    0.9658    0.9735    0.7883   0.01803   0.03682  0.003653
   149/299     4.57G   0.01772   0.03785  0.003073   0.05865        63       640     0.963    0.9592     0.971    0.7906   0.01765   0.03676  0.004409
   150/299     4.57G   0.01768   0.03629  0.003073   0.05704        55       640     0.957    0.9611    0.9682    0.7817   0.01775   0.03645  0.004406
   151/299     4.57G   0.01822   0.03855  0.002804   0.05957        86       640    0.9653    0.9517    0.9684    0.7853   0.01769   0.03624  0.005199
   152/299     4.57G   0.01812   0.03821  0.002945   0.05927        35       640    0.9642    0.9756    0.9711    0.7871   0.01799   0.03732  0.003715
   153/299     4.57G    0.0178    0.0393  0.002784   0.05988        51       640    0.9616     0.975    0.9695    0.7874   0.01773   0.03726  0.003579
   154/299     4.57G   0.01802   0.03628  0.002858   0.05716        82       640    0.9664    0.9473      0.97    0.7891   0.01776   0.03684  0.005058
   155/299     4.57G   0.01753   0.03738  0.002734   0.05764        94       640    0.9462    0.9713    0.9729    0.7904   0.01796   0.03559  0.004406
   156/299     4.57G   0.01869   0.03889   0.00271   0.06029        55       640    0.9721    0.9618    0.9755     0.793   0.01782    0.0365  0.003814
   157/299     4.57G   0.01767   0.03729  0.002916   0.05787        39       640    0.9693    0.9643    0.9742    0.7978    0.0174   0.03575  0.003736
   158/299     4.57G   0.01739   0.03623   0.00269    0.0563        42       640    0.9625    0.9667    0.9688    0.7928   0.01786   0.03709  0.004415
   159/299     4.57G    0.0177   0.03829  0.003005   0.05899       101       640    0.9682    0.9602    0.9684    0.7876    0.0177   0.03665  0.004242
   160/299     4.57G   0.01706   0.03548   0.00267   0.05521        73       640    0.9708     0.965    0.9679     0.786   0.01768    0.0372  0.003632
   161/299     4.57G   0.01708   0.03794  0.002674    0.0577        28       640    0.9713      0.96    0.9701    0.7898   0.01786   0.03679  0.003866
   162/299     4.57G   0.01721   0.03651  0.002685   0.05641        80       640    0.9635    0.9719    0.9773    0.7976   0.01761   0.03587  0.003738
   163/299     4.57G   0.01688   0.03761   0.00253   0.05702        39       640    0.9653     0.975    0.9758    0.7997   0.01764   0.03622  0.003422
   164/299     4.57G   0.01751   0.03573  0.002703   0.05595        17       640    0.9607    0.9604    0.9701    0.7936   0.01759   0.03737  0.004169
   165/299     4.57G    0.0171   0.03516  0.002538    0.0548        26       640    0.9606    0.9583    0.9691    0.7877    0.0177   0.03729  0.004862
   166/299     4.57G    0.0173   0.03603  0.002635   0.05597        56       640    0.9587    0.9614    0.9661     0.786   0.01789   0.03867  0.004026
   167/299     4.57G   0.01738    0.0371  0.002862   0.05734        25       640    0.9662    0.9652    0.9702    0.7907   0.01773   0.03825  0.003553
   168/299     4.57G   0.01706   0.03571  0.002646   0.05542        65       640    0.9758    0.9722    0.9711    0.7923   0.01764   0.03795  0.003188
   169/299     4.57G   0.01677   0.03515  0.002715   0.05464        67       640    0.9705    0.9749    0.9709    0.7892   0.01752   0.03712  0.003308
   170/299     4.57G   0.01683   0.03562  0.002704   0.05515        64       640    0.9663    0.9597    0.9711    0.7922   0.01734   0.03587  0.004391
   171/299     4.57G   0.01679   0.03724   0.00251   0.05654        23       640    0.9671    0.9598    0.9683    0.7903   0.01748   0.03668  0.004301
   172/299     4.57G   0.01706   0.03742  0.002681   0.05715        49       640    0.9658    0.9613    0.9688    0.7868   0.01741   0.03638  0.004556
   173/299     4.57G   0.01703   0.03487   0.00249   0.05439        10       640    0.9725    0.9768    0.9715    0.7856   0.01764   0.03724  0.003188
   174/299     4.57G   0.01681   0.03635  0.002718   0.05588        48       640    0.9766    0.9506    0.9686    0.7894   0.01774   0.03791  0.003906
   175/299     4.57G   0.01634   0.03615  0.002612   0.05511        64       640    0.9717    0.9646    0.9692    0.7863   0.01793   0.03868  0.003575
   176/299     4.57G   0.01689   0.03495  0.002505   0.05434        42       640    0.9636    0.9693     0.969    0.7828   0.01798   0.03859  0.004038
   177/299     4.57G   0.01706   0.03818   0.00251   0.05775        72       640    0.9602    0.9646    0.9667    0.7877   0.01786   0.03794  0.004493
   178/299     4.57G   0.01623   0.03625   0.00255   0.05503        57       640    0.9696    0.9662    0.9686    0.7923    0.0174   0.03685  0.003614
   179/299     4.57G   0.01608   0.03407  0.002421   0.05257        29       640    0.9543    0.9746    0.9695    0.7887   0.01761   0.03724   0.00365
   180/299     4.57G   0.01686   0.03704  0.002508    0.0564        80       640    0.9564    0.9693    0.9673    0.7889   0.01745   0.03755  0.004128
   181/299     4.57G   0.01695   0.03683  0.002544   0.05632        61       640    0.9586    0.9704    0.9692    0.7912    0.0175   0.03732  0.003918
   182/299     4.57G   0.01593   0.03678  0.002344   0.05505        39       640    0.9586    0.9652    0.9662    0.7873   0.01761    0.0376  0.004501
   183/299     4.57G   0.01697   0.03728  0.002586   0.05684       105       640    0.9524    0.9763    0.9682    0.7884   0.01737   0.03698  0.003845
   184/299     4.57G   0.01672   0.03498  0.002462   0.05416        25       640    0.9702    0.9685     0.969    0.7921   0.01746   0.03729  0.003614
   185/299     4.57G   0.01622   0.03438  0.002332   0.05293        50       640     0.953      0.97    0.9682    0.7886   0.01765   0.03752   0.00404
   186/299     4.57G   0.01616   0.03455  0.002455   0.05317        27       640    0.9704    0.9601     0.968    0.7893   0.01746   0.03718  0.003719
   187/299     4.57G   0.01628   0.03412  0.002522   0.05292        73       640    0.9707    0.9565    0.9684    0.7947   0.01746   0.03853  0.004035
   188/299     4.57G   0.01626    0.0371  0.002424   0.05579        30       640    0.9657    0.9639    0.9694    0.7933   0.01747     0.038  0.003811
   189/299     4.57G   0.01583   0.03508  0.002286   0.05319        37       640    0.9618    0.9661    0.9694    0.7882   0.01762   0.03769  0.004123
   190/299     4.57G   0.01634   0.03499  0.002307   0.05363        24       640    0.9719    0.9637    0.9695    0.7904   0.01761   0.03724  0.003827
   191/299     4.57G   0.01585   0.03377  0.002346   0.05196        13       640    0.9672    0.9639    0.9687    0.7897   0.01766     0.037  0.004104
   192/299     4.57G   0.01627   0.03454  0.002494    0.0533        53       640    0.9689    0.9528    0.9653    0.7859   0.01787   0.03823  0.004499
   193/299     4.57G   0.01577   0.03701  0.002636   0.05541       108       640    0.9644    0.9655    0.9667    0.7866   0.01801   0.03936   0.00408
   194/299     4.57G   0.01554   0.03541  0.002256   0.05321        12       640    0.9631    0.9648    0.9688    0.7899   0.01762   0.03688  0.004367
   195/299     4.57G   0.01577   0.03543  0.002208    0.0534        41       640    0.9663    0.9545    0.9684    0.7896   0.01778    0.0367  0.004815
   196/299     4.57G   0.01627   0.03524  0.002332   0.05384        42       640    0.9617    0.9547     0.969    0.7928   0.01755   0.03604   0.00478
   197/299     4.57G   0.01577   0.03534   0.00245   0.05356        51       640    0.9587      0.97    0.9705    0.7929   0.01761   0.03683  0.004176
   198/299     4.57G   0.01554   0.03482  0.002365   0.05273        10       640    0.9706     0.965    0.9674    0.7881   0.01783   0.03765  0.003835
   199/299     4.57G   0.01553   0.03408  0.002464   0.05208        16       640    0.9624    0.9735    0.9724    0.7947   0.01779   0.03671  0.003713
   200/299     4.57G   0.01589   0.03372  0.002398     0.052        36       640    0.9581    0.9649    0.9688    0.7901   0.01795   0.03755  0.004238
   201/299     4.57G   0.01577   0.03656  0.002208   0.05454        76       640    0.9519    0.9623    0.9683    0.7887   0.01776   0.03734  0.004779
   202/299     4.57G   0.01562   0.03503   0.00244   0.05309        65       640     0.961    0.9587    0.9671    0.7892   0.01773   0.03774  0.004528
   203/299     4.57G   0.01567   0.03271  0.002386   0.05076        67       640     0.961    0.9562     0.967    0.7871   0.01772   0.03709  0.004928
   204/299     4.57G   0.01567   0.03289  0.002207   0.05077        32       640    0.9647    0.9477    0.9676    0.7939   0.01749   0.03671  0.005037
   205/299     4.57G   0.01578   0.03614  0.002205   0.05413        56       640    0.9588    0.9611    0.9686    0.7906   0.01755   0.03769  0.004179
   206/299     4.57G   0.01552   0.03607  0.002235   0.05382        61       640    0.9608    0.9793    0.9696    0.7881   0.01767   0.03766  0.003495
   207/299     4.57G   0.01502   0.03216  0.002114   0.04929        30       640     0.962     0.958    0.9686    0.7888    0.0178   0.03759  0.004607
   208/299     4.57G    0.0153   0.03428  0.002067   0.05165        69       640    0.9634    0.9538    0.9699    0.7928   0.01765   0.03654  0.004979
   209/299     4.57G    0.0155   0.03565  0.002224   0.05337        91       640      0.97     0.962    0.9705    0.7879   0.01765   0.03671  0.004025
   210/299     4.57G   0.01511   0.03205  0.002203   0.04937        50       640    0.9628    0.9629    0.9687    0.7879    0.0178   0.03808  0.004244
   211/299     4.57G   0.01498   0.03431  0.002199   0.05149        71       640    0.9632    0.9567    0.9664    0.7863   0.01771   0.03833  0.004799
   212/299     4.57G   0.01534   0.03294  0.002221    0.0505        50       640    0.9665    0.9651    0.9676    0.7868   0.01793   0.03841  0.003981
   213/299     4.57G   0.01528    0.0333  0.002183   0.05077        43       640    0.9678    0.9649    0.9647    0.7893   0.01777   0.03752  0.004169
   214/299     4.57G    0.0152   0.03288    0.0022   0.05027        71       640    0.9669    0.9486     0.961    0.7879   0.01775   0.03799  0.005298
   215/299     4.57G   0.01503   0.03443  0.002158   0.05161        30       640    0.9644    0.9617     0.968    0.7928   0.01773   0.03752  0.004346
   216/299     4.57G    0.0149   0.03454  0.002157    0.0516        24       640    0.9632    0.9697    0.9673    0.7869   0.01793   0.03809  0.004072
   217/299     4.57G   0.01528    0.0333  0.002214   0.05079        33       640    0.9702    0.9541    0.9664    0.7874   0.01791   0.03883  0.004136
   218/299     4.57G   0.01514   0.03422  0.002073   0.05143        24       640     0.967    0.9578    0.9661    0.7873   0.01774   0.03868   0.00421
   219/299     4.57G   0.01426   0.02988  0.002055   0.04619        16       640    0.9537    0.9633     0.959    0.7838   0.01778   0.03803  0.005208
   220/299     4.57G   0.01474   0.03488  0.002369   0.05199        47       640     0.961    0.9678    0.9662    0.7872   0.01777    0.0381  0.004161
   221/299     4.57G   0.01489   0.03462  0.002104   0.05162        58       640    0.9614    0.9697     0.967    0.7857   0.01773   0.03766   0.00415
   222/299     4.57G    0.0147   0.03404  0.002105   0.05084        40       640    0.9649    0.9598    0.9696    0.7915   0.01748   0.03704  0.004384
   223/299     4.57G    0.0149   0.03378  0.002211   0.05089        65       640    0.9548     0.962      0.97    0.7905   0.01782   0.03737  0.004622
   224/299     4.57G   0.01475   0.03341  0.001908   0.05007        11       640    0.9669    0.9615     0.968    0.7868   0.01786   0.03855  0.004164
   225/299     4.57G   0.01479    0.0313  0.002201    0.0483        35       640    0.9609    0.9601    0.9671    0.7861   0.01769   0.03825  0.004409
   226/299     4.57G    0.0145   0.03252  0.002112   0.04913        20       640    0.9719    0.9619    0.9675    0.7887   0.01777   0.03915  0.003936
   227/299     4.57G   0.01465   0.03248  0.002039   0.04918        35       640    0.9616     0.973    0.9681    0.7924    0.0175   0.03797  0.004077
   228/299     4.57G   0.01471   0.03403  0.001986   0.05073        67       640     0.968    0.9535    0.9674      0.79   0.01755   0.03773  0.004494
   229/299     4.57G    0.0149   0.03393  0.001975   0.05081        53       640    0.9638    0.9631    0.9676    0.7864   0.01777   0.03851  0.004415
   230/299     4.57G   0.01462   0.03206  0.001925   0.04861        60       640    0.9712    0.9612    0.9668    0.7866     0.018   0.03897  0.004161
   231/299     4.57G   0.01467   0.03112  0.002039   0.04783        37       640    0.9654    0.9667     0.967    0.7843   0.01788   0.03898  0.004169
   232/299     4.57G   0.01469   0.03419  0.002101   0.05098        66       640    0.9686    0.9654    0.9654    0.7827   0.01784   0.03906  0.004041
   233/299     4.57G   0.01439   0.03327  0.002131    0.0498        53       640     0.971      0.96    0.9679    0.7835   0.01776   0.03872  0.004043
   234/299     4.57G   0.01457   0.03318  0.001949    0.0497        68       640     0.968    0.9637    0.9689    0.7903   0.01777   0.03917   0.00395
   235/299     4.57G   0.01449    0.0335  0.001945   0.04994        50       640    0.9601    0.9656    0.9666    0.7842   0.01782   0.03874  0.004152
   236/299     4.57G   0.01445   0.03131  0.001965   0.04772        25       640    0.9657    0.9615    0.9653    0.7859   0.01779   0.03873   0.00413
   237/299     4.57G   0.01436   0.03183   0.00217   0.04835        54       640    0.9687    0.9614    0.9659    0.7841   0.01794   0.03933  0.004204
   238/299     4.57G   0.01414    0.0331  0.002035   0.04927        53       640    0.9698    0.9666    0.9665    0.7826   0.01783   0.03902  0.003871
   239/299     4.57G   0.01418   0.03288  0.001946     0.049        88       640    0.9684    0.9675    0.9669    0.7833   0.01788   0.03925  0.003775
   240/299     4.57G   0.01449   0.03218  0.001911   0.04857        43       640    0.9693    0.9627    0.9663    0.7859   0.01779   0.03904  0.004021
   241/299     4.57G   0.01411    0.0321  0.001894    0.0481        67       640    0.9631    0.9721    0.9674    0.7882   0.01789   0.03989  0.003915
   242/299     4.57G   0.01438   0.03301  0.002069   0.04946        35       640     0.962    0.9662    0.9673    0.7852   0.01786   0.03913  0.004332
   243/299     4.57G   0.01435    0.0317  0.001981   0.04802        53       640     0.968     0.962     0.964    0.7819   0.01791   0.03907  0.004349
   244/299     4.57G   0.01428   0.03223  0.001933   0.04844        79       640     0.966    0.9682    0.9678    0.7895   0.01782   0.03932  0.004019
   245/299     4.57G   0.01419   0.03205   0.00208   0.04832        54       640    0.9637    0.9621    0.9587    0.7814   0.01785    0.0394  0.004664
   246/299     4.57G   0.01393   0.03158  0.001938   0.04744        69       640      0.97    0.9635    0.9629    0.7877   0.01772   0.03862  0.004259
   247/299     4.57G   0.01391   0.03175  0.001856   0.04751        30       640    0.9659    0.9637    0.9635    0.7853   0.01778   0.03854  0.004326
   248/299     4.57G   0.01389   0.03163  0.001828   0.04735        33       640    0.9681    0.9639    0.9642    0.7861   0.01768   0.03861   0.00451
   249/299     4.57G   0.01395   0.03008  0.001779   0.04581        42       640    0.9697    0.9683     0.966    0.7884   0.01782   0.03903  0.003994
   250/299     4.57G   0.01405   0.03187   0.00179    0.0477        45       640    0.9672    0.9712    0.9645    0.7876   0.01776   0.03889  0.004124
   251/299     4.57G   0.01396   0.03172  0.001977   0.04767        43       640     0.969    0.9598    0.9646    0.7873   0.01782   0.03917   0.00446
   252/299     4.57G   0.01393   0.03351  0.001865    0.0493        70       640    0.9559    0.9737    0.9694    0.7913   0.01772   0.03981  0.004046
   253/299     4.57G    0.0137   0.03209  0.001849   0.04763        47       640    0.9672    0.9692    0.9687    0.7912    0.0177   0.03973  0.003646
   254/299     4.57G   0.01366   0.03086  0.001943   0.04646        63       640    0.9698    0.9683    0.9683    0.7911   0.01776   0.03956  0.003868
   255/299     4.57G   0.01387   0.03012  0.001886   0.04587        42       640    0.9627    0.9643    0.9659    0.7866   0.01789   0.03998   0.00418
   256/299     4.57G   0.01386   0.03194  0.001771   0.04757        63       640    0.9681     0.963    0.9677      0.79   0.01774   0.03957  0.004077
   257/299     4.57G   0.01413   0.03133  0.001835   0.04729        82       640    0.9693    0.9593    0.9689    0.7851   0.01799    0.0406  0.003939
   258/299     4.57G   0.01356   0.03107  0.001894   0.04652         9       640    0.9554    0.9643    0.9668    0.7858   0.01806   0.04059  0.004431
   259/299     4.57G   0.01403   0.03281  0.001851   0.04869        84       640    0.9701    0.9585    0.9679    0.7879   0.01795   0.04035  0.004119
   260/299     4.57G   0.01374   0.03064  0.001865   0.04625       137       640    0.9697    0.9649     0.969     0.787   0.01785   0.04003  0.003947
   261/299     4.57G   0.01398   0.03201  0.001822   0.04781        63       640    0.9696     0.964     0.969    0.7929   0.01772   0.03914  0.004063
   262/299     4.57G   0.01366   0.03123  0.001842   0.04674        18       640    0.9694    0.9592    0.9677     0.792   0.01761    0.0395  0.004037
   263/299     4.57G   0.01377   0.03189  0.001762   0.04742        47       640    0.9674    0.9641    0.9689    0.7909   0.01778   0.04007  0.003841
   264/299     4.57G   0.01363   0.02971  0.001862   0.04521        63       640     0.966    0.9616    0.9685    0.7898   0.01775   0.03888  0.004642
   265/299     4.57G   0.01362   0.03169  0.001791    0.0471        92       640    0.9633    0.9685    0.9693    0.7891   0.01794   0.03905  0.004413
   266/299     4.57G    0.0137   0.03166  0.001831   0.04719        17       640    0.9696    0.9591    0.9659    0.7798   0.01804   0.04022  0.004693
   267/299     4.57G   0.01362   0.03147  0.001727   0.04681        73       640    0.9609     0.959    0.9642    0.7819   0.01801   0.04055  0.004724
   268/299     4.57G   0.01368   0.03174  0.002008   0.04743        34       640    0.9577    0.9675    0.9647    0.7859   0.01792   0.04014  0.004526
   269/299     4.57G   0.01378   0.03025  0.001698   0.04572        65       640    0.9611    0.9728    0.9679    0.7893   0.01784   0.04027  0.003941
   270/299     4.57G   0.01353   0.03092  0.001861   0.04631        96       640    0.9694    0.9615    0.9687    0.7905   0.01777   0.04019   0.00401
   271/299     4.57G   0.01339   0.03106  0.001817   0.04626        48       640    0.9582    0.9689    0.9669    0.7866    0.0179   0.04021  0.004121
   272/299     4.57G   0.01368   0.03114  0.001766   0.04658       120       640    0.9638    0.9693     0.967    0.7887   0.01796   0.04013  0.004086
   273/299     4.57G   0.01343   0.03046   0.00183   0.04572        50       640    0.9564    0.9747    0.9666    0.7916   0.01787   0.04037  0.004122
   274/299     4.57G   0.01361   0.03074  0.001779   0.04613        37       640    0.9712    0.9576    0.9664     0.786   0.01793    0.0409  0.004255
   275/299     4.57G   0.01356   0.02982  0.001872   0.04525        20       640    0.9614    0.9651    0.9644    0.7859   0.01796   0.04081  0.004382
   276/299     4.57G   0.01367   0.03081  0.001918    0.0464        91       640    0.9602    0.9632    0.9651    0.7873   0.01794   0.04074  0.004443
   277/299     4.57G   0.01318   0.03019  0.001663   0.04503        71       640    0.9604    0.9648    0.9679     0.792   0.01778   0.04091  0.004065
   278/299     4.57G   0.01327   0.03015  0.001755   0.04517        68       640    0.9646    0.9624    0.9684    0.7897    0.0177   0.04147  0.003978
   279/299     4.57G   0.01362   0.03162  0.001865   0.04711        46       640    0.9699    0.9579    0.9671    0.7886   0.01779   0.04109  0.003949
   280/299     4.57G   0.01347   0.02942  0.001729   0.04463        26       640    0.9697    0.9512    0.9653    0.7854    0.0178    0.0412  0.004264
   281/299     4.57G   0.01321   0.02924  0.001668   0.04412        33       640     0.965    0.9596    0.9666    0.7876   0.01788   0.04182  0.004057
   282/299     4.57G   0.01332   0.03159  0.001727   0.04664        63       640     0.962    0.9664    0.9637    0.7853   0.01797   0.04099  0.004381
   283/299     4.57G   0.01349   0.03196  0.001813   0.04726        22       640    0.9646    0.9559    0.9673    0.7899   0.01776   0.03922  0.004771
   284/299     4.57G    0.0135   0.03127  0.001772   0.04654        31       640    0.9687    0.9665    0.9705    0.7869    0.0179   0.03949  0.004262
   285/299     4.57G   0.01347      0.03  0.001849   0.04532        34       640    0.9709    0.9575    0.9691    0.7847    0.0181   0.04023  0.004674
   286/299     4.57G   0.01338   0.03195  0.001822   0.04716        32       640    0.9636    0.9645    0.9667    0.7856   0.01812   0.04025  0.004526
   287/299     4.57G   0.01324   0.03024  0.001772   0.04525        83       640    0.9639    0.9578    0.9658    0.7867   0.01784   0.03958   0.00491
   288/299     4.57G   0.01337   0.03127  0.001751   0.04639        51       640    0.9658    0.9601    0.9671    0.7898   0.01775   0.03983  0.004573
   289/299     4.57G   0.01367   0.03196  0.001697   0.04733        58       640    0.9659    0.9604    0.9686    0.7891   0.01798   0.04039  0.004457
   290/299     4.57G    0.0129   0.03089  0.001696   0.04549        31       640    0.9637    0.9596    0.9651    0.7886   0.01775   0.03998  0.004395
   291/299     4.57G   0.01338   0.03079  0.001711   0.04588         5       640    0.9649    0.9597    0.9636    0.7904    0.0178   0.04009  0.004319
   292/299     4.57G   0.01328   0.03012  0.001756   0.04516        52       640    0.9528    0.9661    0.9629    0.7832   0.01786   0.03989  0.004506
   293/299     4.57G   0.01342   0.03201  0.001705   0.04713        16       640     0.968    0.9564    0.9649    0.7837   0.01791   0.04049  0.004335
   294/299     4.57G   0.01334   0.03006  0.001824   0.04523        62       640    0.9601    0.9589    0.9662    0.7857   0.01789   0.04074  0.004324
   295/299     4.57G   0.01311    0.0305  0.001665   0.04527        19       640    0.9622    0.9651    0.9674    0.7873   0.01785   0.04112   0.00402
   296/299     4.57G   0.01338   0.02996  0.001774   0.04511        41       640     0.959     0.969     0.967    0.7787   0.01815   0.04172  0.003961
   297/299     4.57G   0.01308   0.03007  0.001723   0.04487        25       640    0.9633    0.9652    0.9672    0.7858   0.01791   0.04126  0.004017
   298/299     4.57G   0.01339   0.03013  0.001736   0.04526        47       640     0.966     0.962    0.9668    0.7852    0.0177   0.04084  0.004005
   299/299     4.57G    0.0132   0.03168  0.001661   0.04654        42       640    0.9649    0.9557    0.9641    0.7816   0.01792   0.04151  0.004502
